sensor 0:

r = R.from_matrix([[0.999994,0.000654539,0.00340293],[-0.000654519,1,-6.81963e-06],[-0.00340293,4.59231e-06,0.999994]])

array([ 0.00026312,  0.19497401, -0.03750141])
T: -0.0104242 -3.70974 -56.9177

sensor 1:

0.0110396, 0.999922,-0.00585963,
r = R.from_matrix([[0.305706,-0.00895443,-0.952084],[0.0110396, 0.999922,-0.00585963],[0.952062,-0.0087193,0.305781]])

array([135.36432063, -68.79706564, -95.89330247])
T: 0.93957 -4.05131 -52.03

sensor 2:
 r = R.from_matrix([[-0.806828, 0.0136361, -0.590629],[0.00870468, 0.999899, 0.011194],[0.590723, 0.00389039, -0.806865]])

array([179.72374475, -36.20830976, 179.38187118])
T: -0.25753 -6.54978 -47.7311

sensor 3:
r = R.from_matrix([[-0.811334, 0.0033829, 0.584574],[0.00046071, 0.999987, -0.00514746],[-0.584583, -0.00390699, -0.811324]])

array([-179.72409028,   35.77355308,  179.96746517])
T: 2.72207 -6.82928 -45.9778

sensor 4:
r = R.from_matrix([[ 0.310275, 0.00160497 ,0.950645],[ -0.00648686 ,0.999979 ,0.000428942],[-0.950625, -0.00629979, 0.310279]])

array([-1.16315246, 71.92009785, -1.1976961 ])
 T: -0.333857 -5.12974 -56.0573

sensor 5:
r = R.from_matrix([[0.999995, 0.00282205 ,0.00163291],[-0.00282345 ,0.999996, 0.000852931],[-0.00163049, -0.000857537, 0.999998]])

array([-0.04913331,  0.0934204 , -0.16177205])
T: -0.903588 -126.851 -56.6256

sensor 6:
r = R.from_matrix([[0.308288, -0.0110391, -0.951229],[-0.000933102 ,0.999929 ,-0.0119067],[0.951293, 0.00455829, 0.308256]])

array([  0.8471928 , -72.04382504,  -0.17342001])
T: 1.74525 -127.214 -51.7722

sensor 7: 
r = R.from_matrix([[-0.808201, 0.0313998 ,-0.588068],[ 0.026057, 0.999506 ,0.0175574],[0.588329, -0.00113337, -0.808621]])

array([-179.91969326,  -36.03852482,  178.15338098])
T: -2.56535 -129.191 -47.5803


sensor 8:

r = R.from_matrix([[-0.807384, -0.00296577, 0.590019],[-0.0122001 ,0.999857 ,-0.0116688],[-0.589901, -0.0166195, -0.807305]])

array([-178.82065291,   36.14995799, -179.13428866])
T: 3.39727 -129.381 -45.2409



sensor 9:


r = R.from_matrix([[0.308505, 0.00370159, 0.951215],[-0.00403535 ,0.999988 ,-0.00258261],[-0.951214, -0.00304174, 0.308517]])

array([-0.56487451, 72.02923128, -0.74940513])
T: 0.354966 -128.218 -54.0617




array([ 0.00026312,  0.19497401, -0.03750141]) T: -0.0104242 -3.70974 -56.9177
array([ -1.63333844, -72.18736766,   2.06815622]) T: 0.93957 -4.05131 -52.03
array([179.72374475, -36.20830976, 179.38187118]) T: -0.25753 -6.54978 -47.7311
array([-179.72409028,   35.77355308,  179.96746517]) T: 2.72207 -6.82928 -45.9778
array([-1.16315246, 71.92009785, -1.1976961 ])  T: -0.333857 -5.12974 -56.0573

array([-0.04913331,  0.0934204 , -0.16177205]) T: -0.903588 -126.851 -56.6256
array([  0.8471928 , -72.04382504,  -0.17342001]) T: 1.74525 -127.214 -51.7722
array([-179.91969326,  -36.03852482,  178.15338098]) T: -2.56535 -129.191 -47.5803
array([-178.82065291,   36.14995799, -179.13428866]) T: 3.39727 -129.381 -45.2409
array([-0.56487451, 72.02923128, -0.74940513]) T: 0.354966 -128.218 -54.0617

T_0_occ =[0.999994,0.000654539,0.00340293 ,-0.0104242;
	 -0.000654519,1,-6.81963e-06, -3.70974;
	-0.00340293,4.59231e-06,0.999994 ,-56.9177;
	0,0,0,1]


T_5_occ = [0.999995, 0.00282205 ,0.00163291,-0.903588 ;
-0.00282345 ,0.999996, 0.000852931,-126.851;
-0.00163049, -0.000857537, 0.999998,-56.6256;
0, 0, 0, 1]

     1.0000     0.0022    -0.0018    -0.8136
    -0.0022     1.0000     0.0009  -123.1418
     0.0018    -0.0009     1.0000     0.2899
          0          0          0     1.0000



T_1_occ = [0.305706,-0.00895443,-0.952084,0.93957 ;
	0.0110396, 0.999922,-0.00585963, -4.05131 ;
	0.952062,-0.0087193,0.305781,-52.03 ;
	0,0,0,1]

T_6_occ =[0.308288, -0.0110391, -0.951229,1.74525 ;
	-0.000933102 ,0.999929 ,-0.0119067, -127.214 ;
	0.951293, 0.00455829, 0.308256, -51.7722 ;
	0,0,0,1]

     0.9999     0.0120     0.0026    -0.8679
    -0.0120     0.9999    -0.0061  -123.1625
    -0.0026     0.0060     1.0000     0.0334
          0          0          0     1.0000



T_2_occ = [-0.806828, 0.0136361, -0.590629, -0.25753;  
      0.00870468, 0.999899, 0.011194, -6.54978;
      0.590723, 0.00389039, -0.806865, -47.7311;
0,0,0,1]


T_7_occ = [-0.808201, 0.0313998, -0.588068, -2.56535; 
      0.026057 ,0.999506, 0.0175574, -129.191;
      0.588329, -0.00113337,-0.808621, -47.5803;
	0,0,0,1]

     0.9998    -0.0173    -0.0030     0.8835
     0.0173     0.9998     0.0064  -122.6598
     0.0029    -0.0064     1.0000    -0.1315
          0          0          0     1.0000



T_3_occ = [-0.811334, 0.0033829, 0.584574, 2.72207   ;
      0.00046071, 0.999987, -0.00514746,-6.82928 ;
      -0.584583, -0.00390699, -0.811324,-45.9778 ;
0,0,0,1]

T_8_occ = [-0.807384, -0.00296577, 0.590019, 3.39727 ;
      -0.0122001, 0.999857, -0.0116688, -129.381 ;
      -0.589901, -0.0166195, -0.807305, -45.2409;
0,0,0,1]

     0.9999     0.0126    -0.0068    -1.0351
    -0.0126     0.9999    -0.0065  -122.5506
     0.0067     0.0066     1.0000     0.4277
          0          0          0     1.0000


T_4_occ = [0.310275, 0.00160497, 0.950645, -0.333857  ;  
      -0.00648686, 0.999979, 0.000428942, -5.12974 ;
      -0.950625, -0.00629979, 0.310279, -56.0573 ;
0,0,0,1]

T_9_occ = [0.308505, 0.00370159, 0.951215, 0.354966  ;
      -0.00403535, 0.999988, -0.00258261, -128.218 ;
      -0.951214, -0.00304174, 0.308517, -54.0617 ;
0,0,0,1]


     1.0000    -0.0024     0.0019    -0.8849
     0.0025     1.0000    -0.0030  -123.0971
    -0.0019     0.0030     1.0000     1.2212
          0          0          0     1.0000


  



